2.71768 -0.109385
2.62634 0.0763383
2.4781 0.397268
2.31843 0.740201
2.14855 1.06045
1.95392 1.35474
1.70791 1.64293
1.49266 1.84867
1.36672 1.96154
1.23092 2.07971
1.08593 2.20538
0.936606 2.34079
0.785605 2.4874
0.634411 2.64588
0.481261 2.81337
0.329555 2.99267
0.20681 3.17054
0.0416294 3.31531
-0.123574 3.48281
-0.283767 3.62569
-0.639224 3.88091
-0.759931 3.75562
-0.789459 3.61164
-0.818986 3.46766
-0.848513 3.32367
-0.87804 3.17969
-0.907568 3.03571
-0.937095 2.89172
-0.966623 2.74774
-0.99615 2.60376
-1.02568 2.45977
-1.0552 2.31579
-1.08473 2.17181
-1.11426 2.02783
-1.14379 1.88384
-1.17331 1.73986
-1.20284 1.59588
-1.23237 1.45189
-1.2619 1.30791
-1.29142 1.16393
-1.32488 1.00078
-1.41157 0.87427
-1.48621 0.740298
-1.54818 0.60001
-1.59694 0.454602
-1.63207 0.305316
-1.65328 0.153426
-1.66038 0.000226259
-1.65332 -0.152976
-1.63215 -0.304873
-1.59706 -0.454168
-1.54834 -0.599589
-1.48642 -0.739895
-1.41181 -0.873887
-1.32515 -1.00042
-1.22719 -1.11843
-1.11876 -1.22689
-1.00079 -1.32488
-0.874273 -1.41157
-0.740299 -1.48621
-0.600011 -1.54818
-0.454605 -1.59694
-0.305319 -1.63207
-0.153427 -1.65328
-0.000228643 -1.66038
0.152975 -1.65332
0.304871 -1.63215
0.454167 -1.59706
0.599588 -1.54834
0.739893 -1.48642
0.873886 -1.41181
1.00042 -1.32515
1.11842 -1.22719
1.22688 -1.11876
1.32488 -1.00079
1.44731 -0.925412
1.5716 -0.84889
1.6959 -0.772369
1.82019 -0.695847
1.94448 -0.619325
2.06878 -0.542804
2.19307 -0.466283
2.31736 -0.389761
2.44166 -0.31324
2.56595 -0.236719
-1.02142 1.18358
-0.87378 1.90349
-0.726143 2.6234
-0.578508 3.34332
-0.537063 3.6349
1.25247 -0.746061
1.99527 -0.284207
2.36815 -0.054642
-0.962362 1.47154
-0.814727 2.19146
-0.941416 2.0674
-1.00047 1.77943
-0.667089 2.91137
-0.79378 2.78731
-0.852835 2.49935
-0.705199 3.21926
-0.652691 3.50857
1.42654 -0.752469
1.92262 -0.444603
2.1712 -0.29156
-1.08905 1.34748
-1.05986 1.64157
-0.912223 2.36149
-0.764586 3.0814
1.56581 -0.700274
1.81419 -0.546902
2.31137 -0.240816
1.69175 -0.626434
1.61199 -0.369616
1.55034 -0.52956
-1.14737 1.04938
1.22959 1.68185
-1.14416 -0.783541
0.191399 -1.37347
0.885767 -1.06699
1.11199 -0.923645
2.09414 -0.0271751
-0.86598 1.63977
-0.718344 2.35969
-0.570708 3.07961
1.77086 -0.392367
1.29762 -0.340304
1.3464 -0.562128
-1.17611 0.805891
-1.15477 -0.958645
-0.674959 -1.21139
-1.38527 -0.0638564
-1.29081 -0.569737
0.343416 -1.46102
-0.191775 -1.37341
0.0691073 -1.49924
0.686405 -1.23273
1.07595 -1.07625
2.19594 -0.140926
1.73175 -0.0993502
-1.32363 0.737494
-0.839058 -0.889901
-0.848345 -1.23807
-0.606406 -1.37287
-1.48647 -0.207147
-1.34986 0.317678
-1.49922 0.0695168
-1.31923 -0.734572
-1.43175 -0.479656
-0.343818 -1.46092
-0.000179529 -1.30954
0.85316 -1.24583
0.403947 -1.18015
0.609714 -1.38138
-0.786145 -1.06552
-1.21239 -0.293335
-1.42297 0.477145
-1.30393 0.121006
-0.398849 -1.18946
-1.13062 0.514676
1.17729 1.88095
-0.615938 1.3848
-0.320666 2.82463
1.02851 -0.515749
-0.84651 0.893199
0.165643 -1.13164
-0.974649 -1.02653
-1.1421 -0.060522
-0.164928 -1.13467
-0.515961 -0.888337
-1.10908 0.270209
0.771226 2.00838
-0.468303 2.10471
0.897826 1.70111
-0.345556 3.39518
0.00642759 2.90098
0.370795 -0.733451
-0.764532 -0.301542
-0.686478 0.430622
0.701961 2.25019
0.223981 2.74951
0.324374 -0.961479
-0.987305 -0.234279
-0.920403 0.410014
0.567707 2.43088
0.585407 -0.990307
-0.0175945 -0.773123
-1.0401 -0.491538
-0.817638 0.0741022
-0.823002 0.642361
0.41262 2.59684
0.314514 2.10254
0.32308 2.35773
2.41482 0.173335
2.05209 0.396754
-0.823016 1.29293
-0.604417 1.07952
-0.527742 2.73276
-0.527311 2.49731
0.852478 -0.764266
-0.675379 2.01284
-0.674949 1.7774
-0.0821793 2.54173
0.546887 2.07494
0.381776 1.67681
0.593923 1.82213
-0.575905 0.792038
0.0252192 2.23999
0.387545 1.8959
0.0350714 1.88755
0.647959 1.51574
-0.0805295 0.986327
-0.355616 0.959043
-0.169707 0.485032
-0.25201 1.31485
-0.195814 0.748256
-0.408304 1.16738
0.283864 0.662924
0.0560585 0.773237
0.365516 1.12191
0.161615 0.991217
0.0905338 1.32651
0.992911 2.00411
-0.215986 3.11501
-0.678854 -0.611294
-0.000945807 -0.9907
-0.227013 -0.898574
-0.307654 -0.526434
-0.365834 -0.733847
-0.940956 -0.691417
-1.01601 0.0939047
1.52954 0.862572
0.632555 -0.421889
0.611538 -0.750387
-0.129371 2.74392
-0.304242 2.5965
-0.318425 2.32797
-0.197575 2.08491
-0.354228 1.80381
0.117276 2.44274
0.119987 2.06628
1.03813 1.25091
0.395331 1.39873
0.625053 1.23397
0.643008 0.835793
0.826795 1.35938
0.836674 1.11852
1.0301 1.49537
1.14061 0.875502
1.3224 1.38261
0.558521 1.03148
0.37276 0.886211
-0.0765443 1.19742
-0.0899656 1.59193
-0.403433 3.19836
-0.838714 -0.488785
-0.531018 -0.403677
-0.201721 -0.0690937
-0.527555 -0.0777472
-0.319185 -0.282825
0.0609408 -0.38691
1.81113 1.04881
0.811595 -0.548706
0.879214 -0.26345
0.475015 0.0945894
0.626622 -0.141433
0.969219 0.245335
0.307213 -0.179902
0.743376 0.100266
0.979381 -0.0188165
0.668798 0.464701
1.10475 -0.212973
1.38863 0.00729299
1.52223 -0.168169
1.17592 0.121015
1.47877 0.431689
1.20206 0.398478
1.3723 0.232533
1.6171 0.137077
1.31161 0.655063
0.947831 0.531438
1.10357 0.670219
0.895145 0.813808
-0.49915 1.60309
1.46288 1.59019
1.63609 1.32166
1.27434 1.1137
0.158108 1.56655
-0.147733 1.79062
-0.372399 0.218755
-0.726383 -0.104572
1.84543 0.690933
0.108218 0.130285
0.0522831 -0.126615
0.330538 -0.457649
0.147631 -0.60563
1.76369 0.38569
1.88682 0.145566
-0.296486 1.52679
1.57962 1.09285
-0.42965 0.472619
-0.595008 0.146396
1.73312 0.860751
1.62962 0.670251
1.94894 0.881435
2.08522 0.68402
0.282956 0.0234629
0.305682 0.256965
0.0787575 0.393448
-0.120532 0.237315
-0.396108 0.681169
2.17812 0.195201
2.26497 0.506669
-0.0848673 -0.558352
0.515828 0.640512
2.71768 -0.109385
2.62634 0.0763386
2.4781 0.397268
2.31843 0.740201
2.14855 1.06045
1.95392 1.35474
1.70791 1.64293
1.49266 1.84867
1.36672 1.96154
1.23092 2.0797
1.08593 2.20538
0.936606 2.34079
0.785605 2.4874
0.634411 2.64588
0.481261 2.81337
0.329555 2.99267
0.206807 3.17054
0.0416294 3.31531
-0.123575 3.48281
-0.283767 3.62569
-0.639224 3.88091
-0.759931 3.75562
-0.789459 3.61164
-0.818986 3.46766
-0.848514 3.32367
-0.878042 3.17969
-0.907568 3.03571
-0.937095 2.89172
-0.966622 2.74774
-0.99615 2.60376
-1.02568 2.45977
-1.0552 2.31579
-1.08473 2.17181
-1.11426 2.02783
-1.14379 1.88384
-1.17331 1.73986
-1.20284 1.59588
-1.23237 1.45189
-1.2619 1.30791
-1.29142 1.16393
-1.32488 1.00078
-1.41157 0.87427
-1.48621 0.740298
-1.54818 0.60001
-1.59694 0.454602
-1.63207 0.305317
-1.65328 0.153426
-1.66038 0.000225544
-1.65332 -0.152977
-1.63215 -0.304873
-1.59706 -0.454168
-1.54834 -0.59959
-1.48641 -0.739895
-1.41181 -0.873887
-1.32515 -1.00042
-1.22719 -1.11843
-1.11876 -1.22689
-1.00079 -1.32488
-0.874273 -1.41157
-0.7403 -1.48621
-0.600011 -1.54818
-0.454604 -1.59694
-0.305319 -1.63207
-0.153427 -1.65328
-0.000228405 -1.66038
0.152975 -1.65332
0.30487 -1.63215
0.454167 -1.59706
0.599586 -1.54834
0.739892 -1.48642
0.873886 -1.41181
1.00042 -1.32515
1.11842 -1.22719
1.22688 -1.11876
1.32488 -1.00079
1.44731 -0.925412
1.5716 -0.84889
1.6959 -0.772369
1.82019 -0.695847
1.94448 -0.619325
2.06878 -0.542805
2.19307 -0.466283
2.31736 -0.389761
2.44166 -0.313241
2.56595 -0.236719
0.0522836 -0.126616
2.71768 -0.109386
2.56595 -0.236718
2.44166 -0.31324
2.31736 -0.389762
2.19307 -0.466283
2.06878 -0.542804
1.94448 -0.619326
1.82019 -0.695848
1.6959 -0.772369
1.5716 -0.848891
1.44731 -0.925411
1.32488 -1.00079
1.22688 -1.11876
1.11842 -1.22719
1.00042 -1.32515
0.873885 -1.41181
0.739892 -1.48642
0.599587 -1.54834
0.454166 -1.59706
0.304871 -1.63215
0.152974 -1.65332
-0.000227928 -1.66038
-0.153428 -1.65328
-0.305319 -1.63207
-0.454604 -1.59694
-0.600012 -1.54818
-0.7403 -1.48621
-0.874272 -1.41157
-1.00079 -1.32488
-1.11876 -1.22689
-1.22719 -1.11843
-1.32515 -1.00042
-1.41181 -0.873887
-1.48642 -0.739894
-1.54834 -0.599589
-1.59706 -0.454169
-1.63215 -0.304872
-1.65332 -0.152976
-1.66038 0.000226498
-1.65328 0.153425
-1.63207 0.305315
-1.59694 0.454602
-1.54818 0.60001
-1.48621 0.740297
-1.41157 0.874271
-1.32488 1.00078
-1.29142 1.16393
-1.26189 1.30791
-1.23237 1.45189
-1.20284 1.59588
-1.17331 1.73986
-1.14379 1.88384
-1.11426 2.02782
-1.08473 2.17181
-1.0552 2.31579
-1.02568 2.45977
-0.996151 2.60376
-0.966623 2.74774
-0.937096 2.89172
-0.907568 3.03571
-0.878041 3.17969
-0.848513 3.32367
-0.818986 3.46765
-0.789459 3.61164
-0.759932 3.75562
-0.639223 3.88091
-0.283767 3.62569
-0.123575 3.48281
0.0416305 3.31531
0.206808 3.17054
0.329556 2.99267
0.48126 2.81337
0.634411 2.64588
0.785606 2.4874
0.936607 2.34079
1.08593 2.20538
1.23092 2.0797
1.36672 1.96154
1.49266 1.84866
1.70791 1.64293
1.95392 1.35474
2.14855 1.06045
2.31843 0.740202
2.4781 0.397267
2.62634 0.0763384
